$ANSIBLE_VAULT;1.1;AES256
66373239643538393566646561303536333462616433316562666434323666363634353663646336
6561633538643366623064653362386266393035643438650a643264653664393362303261373861
30363462326161393865383734333933643734366530346630366332663733633865363938316161
6330353234303562650a393864346235623064396537653837626465383966346361353134333463
64383737343631353231363535646566613432326539353634303336373939626461306237373866
33633938353630323765323739376166313662326361613839313065653262343264393462303832
35323435623662343762386631646636616433373563303466633530366634666664323034313564
30316362623537383530303263393931376664333932396161306331356234653733323562346233
61366532366231623762353065323837326437633435656363306564333835663631396136656135
36643935653662383931343662616236633036666264366666666561343535353637396337323236
37643131353935303963386531336665633566353835613063656437643134323465343335346133
61663135303431343530633631636330353964653365666634333530343437373936303666656432
64306666626335653636343337653736666166393330396566643735623830373439363030323061
33323735313762343331373433313261636230316133353036656538623437333164313562626235
30653163343935656162386266393563306335626530313832653439643862356434336230323666
35346363346662343261393339396632663530643764663664633963343630623966653133356562
30306432346631306433383834613239303439623334376436313230636239383664653031633464
35396634653164616361333234313262363137323063346261643662336363383463313337653135
63316664326431343061633933323431646361396336396231333737653666313437383962316136
34303163333462373431316132376631363762343135663037363633663737316465363335666162
37663466353430643035303962616238383836666337366262663934326330393637396534616335
38336466363361326264373733373036366637353738633731393035393436386237373436326337
33643036656234613730306235326364663530366565313037663236656230613333663164313532
64333532376565303031626662336165346531643266363266653538636362313966646333323337
33643861616363336632363337363566613161393034333836643233353163326362
